<html style="" class="js flexbox flexboxlegacy canvas canvastext webgl no-touch geolocation postmessage no-websqldatabase indexeddb hashchange history draganddrop websockets rgba hsla multiplebgs backgroundsize borderimage borderradius boxshadow textshadow opacity cssanimations csscolumns cssgradients no-cssreflections csstransforms csstransforms3d csstransitions fontface generatedcontent video audio localstorage sessionstorage webworkers applicationcache svg inlinesvg smil svgclippaths" lang="ru"><head>
    <meta charset="UTF-8">
    <meta name="viewport" user-scalable="no," initial-scale="1.0," maximum-scale="1.0," minimum-scale="1.0&quot;">
    <meta http-equiv="X-UA-Compatible" content="ie=edge">
    <meta name="robots" content="noindex,nofollow,noarchive,nosnippet,noydir,noodp">
    <title>Добро пожаловать!  - Quantum System</title>
    <link rel="stylesheet" href="/media/quantom_system_ru_copy_2/css/style.css?v=1788">
    <link rel="stylesheet" href="/media/quantom_system_ru_copy_2/css/theme.css?v=1788">
    <script src="/media/quantom_system_ru_copy_2/js/modernizr.js?v=1788"></script>
    <link rel="icon" href="/media/quantom_system_ru_copy_2/img/favicon.ico?v=1788" type="image/x-icon">
    <link rel="shortcut icon" href="/media/quantom_system_ru_copy_2/img/favicon.ico?v=1788" type="image/x-icon">
<style type="text/css">.fancybox-margin{margin-right:16px;}</style></head>
<body>
<script type="text/javascript">
    /* exit popup */
    var msg = '************************************************************\n'
            + '     Уже уходите? Не торопитесь! \n'
            + '     Перед тем как страница перестанет работать, хочу дать вам программу, которая принесет вам $112,589.65!\n'
            + '************************************************************'
        ;

    var test = 1;
    window.onbeforeunload = function () {
        setTimeout(function () {
            test = 2;
        }, 500)
        return msg;
    }
    setInterval(function () {
        if (test === 2) {
            window.onbeforeunload = null;
            window.parent.location = "/exit1";
            test = 3;
        }
    }, 50);
</script>
<!-- FIRST-FOLD -->
<header>
    <div class="container">
        <div class="row">
            <div class="col-xs-12 col-sm-4 col-md-offset-1 text-center">
                <img src="/media/quantom_system_ru_copy_2/img/logo.png?v=1788" class="logo text-center" alt="Quantum System">
            </div>
            <div class="col-xs-12 col-sm-8 col-md-6">
                <h3 class="blue no-upper text-left">Смотрите видео и научитесь зарабатывать более чем $630,820 ежемесячно!</h3>
            </div>
        </div>
    </div>
</header>

<div class="wrapper data">
    <div class="container">
        <div class="row">
            <div class="col-xs-12">
                <div class="video-wrapper">
                    <div class="embed-responsive embed-responsive-16by9">
                      <iframe src="http://v.theqcode.org/embed/qs_ru_dream?controls=0&amp;autoplay=1&amp;showinfo=0&amp;wmode=transparent&amp;rel=0" allowfullscreen=""></iframe>
                    </div>
                </div>
            </div>
        </div>
    </div>
</div>

<div class="container">
    <div class="row">
        <div class="col-xs-12">
            <div class="online">
                <div class="pin">111</div> <div class="labels"><span>ЧЕЛОВЕК</span> на странице</div>
            </div>
            <div class="slots">
                <div class="pin">20</div> <div class="labels"><span>свободных</span> мест</div>
            </div>
        </div>
    </div>
</div>
<!-- /FIRST-FOLD -->

<!-- FORM -->
<div class="wrapper">
    <div class="container">
        <div class="row">
            <form action="" method="post">
                <div class="col-xs-12 col-sm-5 col-sm-offset-1 col-md-4 col-md-offset-2">
                    <div class="input-group">
                        <div class="input-group-addon name"></div>
                        <input class="form-control" name="webform[name]" placeholder="Введите ваше имя" required="" type="text">
                    </div>
                </div>
                <div class="col-xs-12 col-sm-5 col-md-4">
                    <div class="input-group">
                        <div class="input-group-addon email"></div>
                        <input class="form-control" name="webform[email]" placeholder="Действующий e-mail" required="" type="email">
                    </div>
                </div>
                <div class="col-xs-12 col-sm-10 col-sm-offset-1 col-md-8 col-md-offset-2">
                    <button type="submit" class="button subscribe green">ДА! МНЕ НУЖЕН VIP ДОСТУП К QUANTUM SYSTEM ПРЯМО СЕЙЧАС</button>
                </div>

                <input name="webform[tracking]" value="5qGG5zzzGYd9e56353289c0b549a1fe48c34ce31f02784382b" type="hidden">
                <input name="webform[s_id]" value="236" type="hidden">
                <input name="webform[redirect_url]" value="http://www.theqcode.org/registration.php" type="hidden">
                <input name="webform[traff]" value="" type="hidden">
                <input name="webform[campid]" value="370" type="hidden">

            </form>
        </div>

        <div class="spacer"></div>

        <div class="row">
            <div class="col-xs-12 col-sm-10 col-sm-offset-1 col-md-8 col-md-offset-2 text-center verification">
                <img src="/media/quantom_system_ru_copy_2/img/trusted-1.png?v=1788" class="trusted" alt="Quantum System Verified">
                <img src="/media/quantom_system_ru_copy_2/img/trusted-2.png?v=1788" class="trusted" alt="Quantum System Verified">
                <img src="/media/quantom_system_ru_copy_2/img/trusted-3.png?v=1788" class="trusted" alt="Quantum System Verified">
                <img src="/media/quantom_system_ru_copy_2/img/trusted-4.png?v=1788" class="trusted" alt="Quantum System Verified">
                <img src="/media/quantom_system_ru_copy_2/img/trusted-5.png?v=1788" class="trusted" alt="Quantum System Verified">
            </div>
        </div>

        <div class="spacer"></div>

    </div>
</div>
<!-- /FORM -->

<!-- MODAL FORM -->
<div class="modal subscription fade-in" id="SubscribeModal" tabindex="-1" role="dialog" aria-labelledby="SubscribeModalLabel" style="display: none;">
    <div class="modal-dialog text-center" role="document">

        <div class="modal-content">
            <div class="modal-body">
                <button type="button" class="close" data-dismiss="modal" aria-label="Close"><span aria-hidden="true">×</span></button>

                <div class="row">
                    <div class="col-xs-12">
                        <h4 class="large">СКАЖИТЕ НЕТ НЕОПРЕДЕЛЕННОСТИ</h4>
                        <h2 class="vip">ПОЛУЧИТЕ VIP ДОСТУП!</h2>
                    </div>

                    <div class="photo">
                        <img src="/media/quantom_system_ru_copy_2/img/vip-photo-paid.png?v=1788">
                        <div class="vip-comment">
                            Посмотрите, как я заработал <span>$14,744,909</span> благодаря моей программе
                        </div>
                    </div>
                </div>

                <div class="row">
                    <form action="" lpformnum="2" method="post">
                        <div class="col-xs-12 col-lg-10 col-lg-offset-1">
                            <h4>ЗАРЕГИСТРИРУЙТЕСЬ И НАЧНИТЕ ПОЛУЧАТЬ ПРИБЫЛЬ ПРЯМО СЕЙЧАС</h4>
                        </div>

                        <div class="col-xs-12 col-lg-10 col-lg-offset-1">
                            <div class="input-group">
                                <div class="input-group-addon name"></div>
                                <input class="form-control" name="webform[name]" placeholder="Введите ваше имя" required="" type="text">
                            </div>
                        </div>

                        <div class="col-xs-12 col-lg-10 col-lg-offset-1">
                            <div class="input-group">
                                <div class="input-group-addon email"></div>
                                <input class="form-control" name="webform[email]" placeholder="Действующий e-mail" required="" type="email">
                            </div>
                        </div>

                        <div class="col-xs-12 col-lg-10 col-lg-offset-1">
                            <button type="submit" class="button subscribe green">ЗАРЕГИСТРИРОВАТЬСЯ СЕЙЧАС</button>
                        </div>

                        <input name="webform[tracking]" value="5qGG5zzzGYd9e56353289c0b549a1fe48c34ce31f02784382b" type="hidden">
                        <input name="webform[s_id]" value="236" type="hidden">
                        <input name="webform[redirect_url]" value="http://www.theqcode.org/registration.php" type="hidden">
                        <input name="webform[traff]" value="" type="hidden">
                        <input name="webform[campid]" value="370" type="hidden">

                    </form>
                    <div class="col-xs-12 col-lg-10 col-lg-offset-1 grayscale">
                        <img src="/media/quantom_system_ru_copy_2/img/trusted-1.png?v=1788" class="trusted" alt="Quantum System Verified">
                        <img src="/media/quantom_system_ru_copy_2/img/trusted-2.png?v=1788" class="trusted" alt="Quantum System Verified">
                        <img src="/media/quantom_system_ru_copy_2/img/trusted-3.png?v=1788" class="trusted" alt="Quantum System Verified">
                        <img src="/media/quantom_system_ru_copy_2/img/trusted-4.png?v=1788" class="trusted" alt="Quantum System Verified">
                        <img src="/media/quantom_system_ru_copy_2/img/trusted-5.png?v=1788" class="trusted" alt="Quantum System Verified">
                    </div>
                </div>
            </div>
        </div>
    </div>
</div>
<div id="wrap" style="display: none;">
    <div id="popup" style="display: block;"><div class="piece" style="width: 58px; height: 58px; opacity: 0; transform: matrix3d(-0.789055, 0, 0.614322, 0, 0.4324, 0.710334, 0.555388, 0, -0.436374, 0.703865, -0.560493, 0, 60.7455, -15.66, -447.302, 1);"></div><div class="piece" style="width: 58px; height: 58px; opacity: 0; transform: matrix3d(0.875475, 0, -0.483264, 0, 0.276169, -0.820625, 0.500305, 0, -0.396578, -0.571467, -0.718436, 0, 241.253, 52.0663, 422.923, 1);"></div><div class="piece" style="width: 58px; height: 58px; opacity: 0; transform: matrix3d(0.729047, 0, 0.684463, 0, -0.422283, -0.786998, 0.449789, 0, 0.538672, -0.616955, -0.573759, 0, 125.652, -22.9741, -238.865, 1);"></div><div class="piece" style="width: 58px; height: 58px; opacity: 0; transform: matrix3d(-0.958577, 0, 0.284835, 0, 0.260055, 0.40796, 0.87518, 0, -0.116201, 0.913, -0.391061, 0, -222.834, 115.876, -371.569, 1);"></div><div class="piece" style="width: 58px; height: 58px; opacity: 0; transform: matrix3d(0.145042, 0, 0.989426, 0, -0.51932, -0.851182, 0.0761281, 0, 0.842181, -0.52487, -0.123457, 0, 220.576, 201.079, 453.722, 1);"></div><div class="piece" style="width: 58px; height: 58px; opacity: 0; transform: matrix3d(-0.973325, 0, 0.229429, 0, -0.0297357, 0.991565, -0.12615, 0, -0.227494, -0.129608, -0.965116, 0, 33.3599, 37.8298, -75.3673, 1);"></div><div class="piece" style="width: 58px; height: 58px; opacity: 0; transform: matrix3d(0.188796, 0, -0.982016, 0, -0.750841, -0.644516, -0.144352, 0, -0.632925, 0.764591, -0.121682, 0, 56.7412, -42.419, -31.506, 1);"></div><div class="piece" style="width: 58px; height: 58px; opacity: 0; transform: matrix3d(-0.517373, 0, -0.85576, 0, 0.717381, -0.545214, -0.433712, 0, -0.466572, -0.838297, 0.282079, 0, -3.75978, -170.661, 31.744, 1);"></div><div class="piece" style="width: 58px; height: 58px; opacity: 0; transform: matrix3d(-0.933442, 0, -0.358729, 0, 0.218692, 0.792687, -0.569054, 0, 0.28436, -0.609629, -0.739927, 0, -223.82, 190.212, -366.47, 1);"></div><div class="piece" style="width: 58px; height: 58px; opacity: 0; transform: matrix3d(0.0113398, 0, -0.999936, 0, 0.026273, 0.999655, 0.00029795, 0, 0.99959, -0.0262747, 0.0113359, 0, 127.31, 156.373, 435.29, 1);"></div><div class="piece" style="width: 58px; height: 58px; opacity: 0; transform: matrix3d(0.946768, 0, 0.321916, 0, 0.321747, 0.0323738, -0.946272, 0, -0.0104216, 0.999476, 0.0306505, 0, -31.0829, -42.6949, 307.992, 1);"></div><div class="piece" style="width: 58px; height: 58px; opacity: 0; transform: matrix3d(0.575119, 0, -0.81807, 0, 0.764112, -0.357162, 0.537186, 0, -0.292184, -0.934042, -0.205411, 0, 195.441, -56.8052, -226.947, 1);"></div><div class="piece" style="width: 58px; height: 58px; opacity: 0; transform: matrix3d(0.999813, 0, -0.0193487, 0, -0.014513, 0.661351, -0.749936, 0, 0.0127963, 0.750077, 0.661227, 0, 159.719, -2.31881, -243.954, 1);"></div><div class="piece" style="width: 58px; height: 58px; opacity: 0; transform: matrix3d(0.660025, 0, 0.751244, 0, -0.517182, 0.725298, 0.454384, 0, -0.544876, -0.688435, 0.478715, 0, -95.1799, 56.9601, 338.94, 1);"></div><div class="piece" style="width: 58px; height: 58px; opacity: 0; transform: matrix3d(0.602107, 0, 0.798415, 0, 0.697818, -0.485919, -0.526244, 0, 0.387965, 0.874004, -0.292575, 0, -180.088, -53.4079, -237.734, 1);"></div><div class="piece" style="width: 58px; height: 58px; opacity: 0; transform: matrix3d(0.551191, 0, 0.834379, 0, -0.823392, -0.161749, 0.543932, 0, 0.13496, -0.986832, -0.0891545, 0, -209.012, -35.3539, 377.955, 1);"></div><div class="piece" style="width: 58px; height: 58px; opacity: 0; transform: matrix3d(0.996945, 0, -0.0781063, 0, 0.0216679, 0.96075, 0.276568, 0, 0.0750406, -0.277415, 0.957815, 0, -94.1581, 98.6713, 21.3325, 1);"></div><div class="piece" style="width: 58px; height: 58px; opacity: 0; transform: matrix3d(0.0582676, 0, -0.998301, 0, 0.821092, 0.568781, 0.0479244, 0, 0.567814, -0.822489, 0.0331415, 0, -247.876, 17.2872, -491.141, 1);"></div><div class="piece" style="width: 58px; height: 58px; opacity: 0; transform: matrix3d(-0.0370199, 0, 0.999315, 0, -0.190872, -0.981589, -0.00707092, 0, 0.980917, -0.191003, 0.0363383, 0, 57.7651, -8.70353, -55.2189, 1);"></div><div class="piece" style="width: 58px; height: 58px; opacity: 0; transform: matrix3d(0.500509, 0, -0.865731, 0, -0.863192, -0.0765394, -0.499041, 0, -0.0662626, 0.997067, -0.0383087, 0, 43.5445, 34.538, 304.051, 1);"></div><div class="piece" style="width: 58px; height: 58px; opacity: 0; transform: matrix3d(-0.730948, 0, -0.682433, 0, 0.679383, 0.0944413, -0.727681, 0, 0.0644498, -0.99553, -0.0690317, 0, 231.297, 65.0203, -267.097, 1);"></div><div class="piece" style="width: 58px; height: 58px; opacity: 0; transform: matrix3d(-0.993279, 0, 0.115745, 0, -0.114407, -0.151581, -0.981802, 0, 0.0175447, -0.988445, 0.150562, 0, -118.047, -10.2682, -491.736, 1);"></div><div class="piece" style="width: 58px; height: 58px; opacity: 0; transform: matrix3d(-0.423644, 0, -0.905829, 0, -0.905801, 0.007844, 0.423631, 0, 0.00710532, 0.999969, -0.00332307, 0, 73.6499, -210.359, 139.248, 1);"></div><div class="piece" style="width: 58px; height: 58px; opacity: 0; transform: matrix3d(-0.124531, 0, 0.992216, 0, -0.280244, 0.959284, -0.035173, 0, -0.951817, -0.282443, -0.119461, 0, 149.21, 194.123, 136.156, 1);"></div><div class="piece" style="width: 58px; height: 58px; opacity: 0; transform: matrix3d(-0.85655, 0, 0.516064, 0, -0.106906, 0.978308, -0.17744, 0, -0.504869, -0.207156, -0.83797, 0, 170.069, -90.1494, -447.701, 1);"></div><div class="piece" style="width: 58px; height: 58px; opacity: 0; transform: matrix3d(0.146166, 0, 0.98926, 0, -0.501653, 0.861888, 0.0741206, 0, -0.852631, -0.507099, 0.125979, 0, 212.314, 11.0513, 42.071, 1);"></div><div class="piece" style="width: 58px; height: 58px; opacity: 0; transform: matrix3d(-0.300048, 0, 0.953924, 0, 0.776599, -0.580711, 0.244272, 0, 0.553954, 0.81411, 0.174241, 0, -106.343, 103.281, -193.053, 1);"></div><div class="piece" style="width: 58px; height: 58px; opacity: 0; transform: matrix3d(0.460802, 0, 0.887503, 0, -0.709328, 0.601012, 0.368291, 0, -0.5334, -0.79924, 0.276948, 0, -222.297, -218.149, -473.162, 1);"></div><div class="piece" style="width: 58px; height: 58px; opacity: 0; transform: matrix3d(-0.926311, 0, -0.37676, 0, 0.185106, 0.870984, -0.455106, 0, 0.328152, -0.49131, -0.806803, 0, -1.0084, -87.4127, 64.8849, 1);"></div><div class="piece" style="width: 58px; height: 58px; opacity: 0; transform: matrix3d(0.887602, 0, 0.460611, 0, 0.0872457, -0.981898, -0.168123, 0, 0.452273, 0.189413, -0.871534, 0, -99.4603, -148.999, 181.499, 1);"></div><div class="piece" style="width: 58px; height: 58px; opacity: 0; transform: matrix3d(-0.248872, 0, 0.968536, 0, -0.0143713, 0.99989, -0.00369281, 0, -0.96843, -0.0148382, -0.248845, 0, 51.6579, -58.0295, 171.298, 1);"></div><div class="piece" style="width: 58px; height: 58px; opacity: 0; transform: matrix3d(-0.170905, 0, 0.985288, 0, -0.640139, -0.760193, -0.111036, 0, 0.749008, -0.649698, 0.12992, 0, -29.8481, -218.498, -224.203, 1);"></div><div class="piece" style="width: 58px; height: 58px; opacity: 0; transform: matrix3d(0.867861, 0, 0.496808, 0, -0.202361, 0.913285, 0.353499, 0, -0.453727, -0.407322, 0.792604, 0, -59.2964, -53.5139, -100.837, 1);"></div><div class="piece" style="width: 58px; height: 58px; opacity: 0; transform: matrix3d(0.414245, 0, -0.910166, 0, 0.433058, 0.879553, 0.197098, 0, 0.800539, -0.475801, 0.36435, 0, 94.915, -57.8608, 299.393, 1);"></div><div class="piece" style="width: 58px; height: 58px; opacity: 0; transform: matrix3d(0.68143, 0, -0.731883, 0, 0.159698, -0.975904, 0.148689, 0, -0.714247, -0.218202, -0.66501, 0, 176.762, 1.72297, -452.152, 1);"></div><div class="piece" style="width: 58px; height: 58px; opacity: 0; transform: matrix3d(0.97419, 0, -0.225728, 0, 0.0693005, 0.951707, 0.299085, 0, 0.214827, -0.307009, 0.927143, 0, 41.926, -23.9481, 47.7607, 1);"></div><div class="piece" style="width: 58px; height: 58px; opacity: 0; transform: matrix3d(-0.057619, 0, -0.998339, 0, 0.949722, -0.308258, -0.0548131, 0, -0.307746, -0.951303, 0.0177615, 0, 8.76903, -142.367, 123.644, 1);"></div><div class="piece" style="width: 58px; height: 58px; opacity: 0; transform: matrix3d(-0.991282, 0, 0.131754, 0, -0.117338, 0.454816, -0.882822, 0, -0.0599239, -0.890585, -0.450851, 0, -34.0931, 8.45285, -192.409, 1);"></div><div class="piece" style="width: 58px; height: 58px; opacity: 0; transform: matrix3d(0.623674, 0, -0.781684, 0, -0.232891, -0.954586, -0.185814, 0, -0.746185, 0.297935, -0.595351, 0, -65.254, 103.258, -372.898, 1);"></div><div class="piece" style="width: 58px; height: 58px; opacity: 0; transform: matrix3d(0.510067, 0, -0.860134, 0, -0.787236, -0.402893, -0.466838, 0, -0.346542, 0.915247, -0.205503, 0, -72.1308, -97.9959, 479.788, 1);"></div><div class="piece" style="width: 58px; height: 58px; opacity: 0; transform: matrix3d(0.781996, 0, -0.623284, 0, 0.431336, -0.721861, 0.541171, 0, -0.449924, -0.692038, -0.564492, 0, -30.1176, 59.3225, 210.042, 1);"></div><div class="piece" style="width: 58px; height: 58px; opacity: 0; transform: matrix3d(0.971034, 0, 0.238941, 0, 0.22493, -0.337397, -0.914095, 0, 0.080618, 0.941363, -0.327624, 0, -45.5283, -91.8881, 278.589, 1);"></div><div class="piece" style="width: 58px; height: 58px; opacity: 0; transform: matrix3d(0.988258, 0, 0.152793, 0, 0.000108105, -1, -0.000699221, 0, 0.152793, 0.000707529, -0.988258, 0, 10.5932, -120.458, 68.579, 1);"></div><div class="piece" style="width: 58px; height: 58px; opacity: 0; transform: matrix3d(-0.989971, 0, -0.141271, 0, -0.0974403, 0.724055, 0.682825, 0, 0.102288, 0.689742, -0.716794, 0, 141.328, 56.1096, -212.202, 1);"></div><div class="piece" style="width: 58px; height: 58px; opacity: 0; transform: matrix3d(0.796133, 0, 0.605122, 0, -0.603863, 0.0644766, 0.794476, 0, -0.0390162, -0.997919, 0.051332, 0, -38.2484, 42.9793, -247.073, 1);"></div><div class="piece" style="width: 58px; height: 58px; opacity: 0; transform: matrix3d(-0.4386, 0, 0.898682, 0, 0.442602, 0.870312, 0.216011, 0, -0.782134, 0.492502, -0.381719, 0, 69.1731, -231.667, -480.733, 1);"></div><div class="piece" style="width: 58px; height: 58px; opacity: 0; transform: matrix3d(0.950645, 0, 0.31028, 0, -0.195197, -0.777324, 0.598051, 0, 0.241188, -0.6291, -0.73896, 0, 60.2271, 243.425, -225.714, 1);"></div><div class="piece" style="width: 58px; height: 58px; opacity: 0; transform: matrix3d(-0.946077, 0, -0.323942, 0, 0.281035, 0.497359, -0.820764, 0, 0.161116, -0.867545, -0.47054, 0, 63.131, 57.9264, -170.529, 1);"></div><div class="piece" style="width: 58px; height: 58px; opacity: 0; transform: matrix3d(0.0191225, 0, -0.999817, 0, -0.799096, -0.601009, -0.0152835, 0, -0.600899, 0.799242, -0.0114928, 0, -108.097, -128.399, 406.029, 1);"></div><div class="piece" style="width: 58px; height: 58px; opacity: 0; transform: matrix3d(0.523394, 0, -0.852091, 0, 0.523561, -0.788962, 0.321596, 0, -0.672267, -0.614442, -0.412938, 0, 168.459, 7.29138, 379.449, 1);"></div><div class="piece" style="width: 58px; height: 58px; opacity: 0; transform: matrix3d(-0.376977, 0, -0.926223, 0, -0.167924, -0.983428, 0.0683457, 0, -0.910873, 0.181299, 0.37073, 0, -108.285, -63.4228, 68.9354, 1);"></div><div class="piece" style="width: 58px; height: 58px; opacity: 0; transform: matrix3d(0.218731, 0, -0.975785, 0, 0.137816, 0.989976, 0.0308927, 0, 0.966004, -0.141236, 0.216538, 0, -183.604, -4.10128, 322.786, 1);"></div><div class="piece" style="width: 58px; height: 58px; opacity: 0; transform: matrix3d(-0.971958, 0, -0.235153, 0, 0.230834, 0.190768, -0.954109, 0, 0.0448596, -0.981635, -0.185418, 0, 40.6093, 175.001, -226.917, 1);"></div><div class="piece" style="width: 58px; height: 58px; opacity: 0; transform: matrix3d(-0.999782, 0, -0.0208896, 0, -0.0208793, -0.0313151, 0.999291, 0, -0.000654158, 0.99951, 0.0313083, 0, 17.2025, 177.229, 40.1702, 1);"></div><div class="piece" style="width: 58px; height: 58px; opacity: 0; transform: matrix3d(0.276774, 0, -0.960935, 0, 0.903442, 0.340705, 0.260215, 0, 0.327396, -0.94017, 0.0942984, 0, -165.077, -231.947, -210.519, 1);"></div><div class="piece" style="width: 58px; height: 58px; opacity: 0; transform: matrix3d(-0.979905, 0, 0.199465, 0, 0.158581, -0.606566, 0.779057, 0, 0.120989, 0.795033, 0.594377, 0, 220.316, 110.178, 342.881, 1);"></div><div class="piece" style="width: 58px; height: 58px; opacity: 0; transform: matrix3d(0.567028, 0, -0.823698, 0, -0.520042, 0.775498, -0.357993, 0, 0.638776, 0.63135, 0.439729, 0, -102.381, 225.077, 336.041, 1);"></div><div class="piece" style="width: 58px; height: 58px; opacity: 0; transform: matrix3d(0.950033, 0, -0.312148, 0, -0.311688, 0.0542633, -0.948634, 0, 0.0169382, 0.998527, 0.0515519, 0, -238.868, 136.93, -177.807, 1);"></div><div class="piece" style="width: 58px; height: 58px; opacity: 0; transform: matrix3d(0.226708, 0, -0.973963, 0, -0.363811, 0.927615, -0.0846838, 0, 0.903463, 0.373537, 0.210298, 0, -168.29, 44.817, -338.54, 1);"></div><div class="piece" style="width: 58px; height: 58px; opacity: 0; transform: matrix3d(-0.286628, 0, 0.958042, 0, -0.347729, 0.931805, -0.104034, 0, -0.892709, -0.362958, -0.267082, 0, -54.4647, -233.534, -470.045, 1);"></div><div class="piece" style="width: 58px; height: 58px; opacity: 0; transform: matrix3d(-0.741209, 0, -0.671275, 0, 0.638313, 0.309509, -0.704813, 0, 0.207765, -0.950897, -0.22941, 0, 215.247, -19.3488, -392.258, 1);"></div><div class="piece" style="width: 58px; height: 58px; opacity: 0; transform: matrix3d(0.987415, 0, 0.158152, 0, -0.151334, -0.290444, 0.944849, 0, 0.0459343, -0.956892, -0.286789, 0, 67.7937, -78.9172, 332.024, 1);"></div><div class="piece" style="width: 58px; height: 58px; opacity: 0; transform: matrix3d(0.280913, 0, -0.959733, 0, 0.870306, 0.421516, 0.254737, 0, 0.404543, -0.906821, 0.118409, 0, 246.225, -170.972, 21.7235, 1);"></div><div class="piece" style="width: 58px; height: 58px; opacity: 0; transform: matrix3d(0.794269, 0, 0.607566, 0, 0.606277, 0.0651064, -0.792584, 0, -0.0395565, 0.997878, 0.051712, 0, 172.112, -50.6857, 52.6479, 1);"></div><div class="piece" style="width: 58px; height: 58px; opacity: 0; transform: matrix3d(0.93112, 0, -0.364712, 0, 0.278607, 0.645323, 0.711292, 0, 0.235357, -0.76391, 0.600873, 0, 78.2161, -96.9297, -25.0249, 1);"></div><div class="piece" style="width: 58px; height: 58px; opacity: 0; transform: matrix3d(0.0609025, 0, -0.998144, 0, 0.637437, -0.76952, 0.0388937, 0, -0.768092, -0.638622, -0.0468657, 0, -85.7412, -179.009, -17.8132, 1);"></div><div class="piece" style="width: 58px; height: 58px; opacity: 0; transform: matrix3d(-0.792501, 0, 0.60987, 0, 0.605337, 0.121701, 0.786611, 0, -0.0742218, 0.992567, -0.0964483, 0, -114.86, -26.1669, 20.5915, 1);"></div><div class="piece" style="width: 58px; height: 58px; opacity: 0; transform: matrix3d(0.899038, 0, -0.437871, 0, -0.436288, 0.0849524, -0.895788, 0, 0.0371982, 0.996385, 0.0763754, 0, 221.017, -215.888, 440.005, 1);"></div><div class="piece" style="width: 58px; height: 58px; opacity: 0; transform: matrix3d(0.828336, 0, 0.560231, 0, 0.140052, 0.968249, -0.207075, 0, -0.542443, 0.249989, 0.802035, 0, -96.4927, -88.1782, -135.309, 1);"></div><div class="piece" style="width: 58px; height: 58px; opacity: 0; transform: matrix3d(0.999695, 0, -0.0246766, 0, 0.024669, 0.0247144, 0.99939, 0, 0.000609867, -0.999695, 0.0247069, 0, -105.505, 215.963, -253.388, 1);"></div><div class="piece" style="width: 58px; height: 58px; opacity: 0; transform: matrix3d(0.999049, 0, -0.0435983, 0, 0.0267283, -0.790037, 0.612477, 0, -0.0344442, -0.61306, -0.789285, 0, 6.64891, -213.142, -414.544, 1);"></div><div class="piece" style="width: 58px; height: 58px; opacity: 0; transform: matrix3d(-0.451763, 0, 0.892138, 0, 0.186784, -0.977837, 0.0945842, 0, 0.872366, 0.209367, 0.441751, 0, -82.6565, -150.153, 277.026, 1);"></div><div class="piece" style="width: 58px; height: 58px; opacity: 0; transform: matrix3d(0.856968, 0, -0.51537, 0, 0.490389, -0.307562, 0.815429, 0, -0.158508, -0.951528, -0.26357, 0, 61.3654, -47.3066, 241.493, 1);"></div><div class="piece" style="width: 58px; height: 58px; opacity: 0; transform: matrix3d(0.672621, 0, -0.739987, 0, 0.616042, -0.554019, 0.55996, 0, -0.409966, -0.832504, -0.372645, 0, -57.342, -193.974, 312.258, 1);"></div><div class="piece" style="width: 58px; height: 58px; opacity: 0; transform: matrix3d(0.607123, 0, 0.794608, 0, 0.339399, -0.904191, -0.259319, 0, 0.718477, 0.427128, -0.548956, 0, 222.411, -242.316, -464.415, 1);"></div><div class="piece" style="width: 58px; height: 58px; opacity: 0; transform: matrix3d(-0.996478, 0, 0.083851, 0, 0.0251499, 0.95396, 0.298879, 0, -0.0799905, 0.299935, -0.9506, 0, -142.056, -180.376, 150.022, 1);"></div><div class="piece" style="width: 58px; height: 58px; opacity: 0; transform: matrix3d(-0.336004, 0, -0.941861, 0, 0.929055, 0.164341, -0.331436, 0, 0.154787, -0.986404, -0.0552193, 0, -58.2359, -127.878, 476.191, 1);"></div><div class="piece" style="width: 58px; height: 58px; opacity: 0; transform: matrix3d(0.477673, 0, -0.878538, 0, 0.19247, -0.975707, 0.104649, 0, -0.857195, -0.21908, -0.466069, 0, 97.2603, -235.189, 94.6422, 1);"></div><div class="piece" style="width: 58px; height: 58px; opacity: 0; transform: matrix3d(-0.62284, 0, 0.782349, 0, -0.772962, -0.154443, -0.615367, 0, 0.120828, -0.988002, 0.0961933, 0, -74.0776, -226.116, -94.1762, 1);"></div><div class="piece" style="width: 58px; height: 58px; opacity: 0; transform: matrix3d(0.949281, 0, -0.314428, 0, -0.171143, 0.838892, -0.516692, 0, 0.263771, 0.544298, 0.796345, 0, -240.879, 245.048, 84.9344, 1);"></div><div class="piece" style="width: 58px; height: 58px; opacity: 0; transform: matrix3d(0.6511, 0, 0.758992, 0, -0.487119, -0.766874, 0.417874, 0, 0.582052, -0.641797, -0.499312, 0, 19.4364, 240.666, -71.9189, 1);"></div><div class="piece" style="width: 58px; height: 58px; opacity: 0; transform: matrix3d(0.339517, 0, 0.9406, 0, -0.934289, -0.115647, 0.337239, 0, 0.108777, -0.99329, -0.0392641, 0, -150.201, -64.454, -151.774, 1);"></div><div class="piece" style="width: 58px; height: 58px; opacity: 0; transform: matrix3d(-0.488753, 0, -0.872422, 0, -0.73121, -0.545459, 0.409642, 0, -0.47587, 0.838138, 0.266595, 0, 157.278, 132.865, 418.718, 1);"></div><div class="piece" style="width: 58px; height: 58px; opacity: 0; transform: matrix3d(-0.459026, 0, 0.888423, 0, -0.844868, 0.309266, -0.436522, 0, -0.274759, -0.950976, -0.141961, 0, 88.5282, -3.31373, -192.63, 1);"></div><div class="piece" style="width: 58px; height: 58px; opacity: 0; transform: matrix3d(0.620347, 0, -0.784328, 0, 0.777107, -0.135386, 0.614635, 0, -0.106187, -0.990793, -0.0839861, 0, 217.3, 225.451, 390.719, 1);"></div><div class="piece" style="width: 58px; height: 58px; opacity: 0; transform: matrix3d(0.608149, 0, -0.793823, 0, -0.0063157, -0.999968, -0.00483847, 0, -0.793798, 0.00795605, -0.60813, 0, -58.4994, 186.183, 432.191, 1);"></div><div class="piece" style="width: 58px; height: 58px; opacity: 0; transform: matrix3d(-0.968595, 0, 0.248644, 0, 0.121811, -0.871779, 0.474514, 0, 0.216763, 0.489899, 0.844401, 0, 12.105, 61.4777, -309.232, 1);"></div><div class="piece" style="width: 58px; height: 58px; opacity: 0; transform: matrix3d(-0.301021, 0, -0.953617, 0, 0.536236, -0.826921, -0.16927, 0, -0.788567, -0.562318, 0.248921, 0, 28.6757, 190.219, -287.7, 1);"></div><div class="piece" style="width: 58px; height: 58px; opacity: 0; transform: matrix3d(0.16408, 0, 0.986447, 0, -0.0475472, -0.998838, 0.00790872, 0, 0.9853, -0.0482004, -0.163889, 0, 170.683, 43.15, -370.592, 1);"></div><div class="piece" style="width: 58px; height: 58px; opacity: 0; transform: matrix3d(0.493247, 0, -0.869889, 0, 0.789059, 0.420959, 0.447414, 0, 0.366188, -0.90708, 0.207637, 0, 228.75, 152.549, -40.783, 1);"></div><div class="piece" style="width: 58px; height: 58px; opacity: 0; transform: matrix3d(-0.9856, 0, 0.169095, 0, -0.0437867, -0.965891, -0.255219, 0, 0.163327, -0.258948, 0.951982, 0, 112.323, 129.475, 134.074, 1);"></div><div class="piece" style="width: 58px; height: 58px; opacity: 0; transform: matrix3d(0.894069, 0, 0.447929, 0, 0.13037, -0.956707, -0.26022, 0, 0.428537, 0.291052, -0.855363, 0, -107.217, -179.274, -84.6956, 1);"></div><div class="piece" style="width: 58px; height: 58px; opacity: 0; transform: matrix3d(-0.196205, 0, -0.980563, 0, -0.924891, -0.332156, 0.185065, 0, -0.3257, 0.943224, 0.0651707, 0, 239.713, 115.061, -419.479, 1);"></div><div class="piece" style="width: 58px; height: 58px; opacity: 0; transform: matrix3d(0.507836, 0, -0.861454, 0, -0.389175, 0.892137, -0.229423, 0, 0.768534, 0.451765, 0.453059, 0, 136.502, 147.424, 250.796, 1);"></div><div class="piece" style="width: 58px; height: 58px; opacity: 0; transform: matrix3d(0.288382, 0, -0.957516, 0, -0.868664, -0.420687, -0.261622, 0, -0.402814, 0.907206, -0.121318, 0, 208.953, 216.761, -416.364, 1);"></div><div class="piece" style="width: 58px; height: 58px; opacity: 0; transform: matrix3d(0.427107, 0, 0.904201, 0, 0.666582, -0.675668, -0.314865, 0, 0.61094, 0.737206, -0.288582, 0, 218.839, -176.38, -431.631, 1);"></div><div class="piece" style="width: 58px; height: 58px; opacity: 0; transform: matrix3d(-0.705718, 0, 0.708493, 0, 0.457857, 0.763133, 0.456064, 0, -0.540675, 0.646241, -0.538557, 0, 86.9845, -76.0327, -321.693, 1);"></div><div class="piece" style="width: 58px; height: 58px; opacity: 0; transform: matrix3d(-0.808951, 0, 0.587876, 0, 0.385287, -0.755292, 0.530178, 0, 0.444017, 0.655389, 0.610994, 0, 147.23, 105.668, 21.5306, 1);"></div><div class="piece" style="width: 58px; height: 58px; opacity: 0; transform: matrix3d(-0.987574, 0, 0.157156, 0, -0.148555, 0.326303, -0.933519, 0, -0.0512807, -0.945265, -0.322248, 0, 31.6691, -139.588, -265.162, 1);"></div><div class="piece" style="width: 58px; height: 58px; opacity: 0; transform: matrix3d(0.980184, 0, 0.198088, 0, 0.175283, 0.465833, -0.867338, 0, -0.0922761, 0.884872, 0.456603, 0, 111.169, 70.6137, -103.369, 1);"></div><div class="piece" style="width: 58px; height: 58px; opacity: 0; transform: matrix3d(0.495452, -0.00000846659, 0.747251, 0, -0.665341, -0.602263, 0.441136, 0, 0.450038, -0.715738, -0.298398, 0, -35.7282, -122.865, 153.466, 1);"></div><div class="piece" style="width: 58px; height: 58px; opacity: 0; transform: matrix3d(-0.957774, -0.0000123724, -0.173375, 0, 0.17541, 0.173819, -0.969029, 0, 0.0301482, -0.958533, -0.166479, 0, 71.135, -53.4071, -476.666, 1);"></div><div class="piece" style="width: 58px; height: 58px; opacity: 0; transform: matrix3d(0.517076, -0.0000417274, 0.855951, 0, 0.382413, -0.894636, -0.231057, 0, 0.765767, 0.446796, -0.462574, 0, -226.996, 9.45977, 355.878, 1);"></div><div class="piece" style="width: 58px; height: 58px; opacity: 0; transform: matrix3d(-0.336617, 0, -0.0318417, 0, -0.0892906, -0.317805, 0.943942, 0, -0.0101191, 0.320591, 0.106979, 0, 209.089, -70.0013, 142.536, 1);"></div><div class="piece" style="width: 58px; height: 58px; opacity: 0; transform: matrix3d(-0.0206965, 0, 0.352964, 0, -0.0338767, 0.999424, -0.00198694, 0, -0.35276, -0.0119984, -0.0206845, 0, 186.986, -195.131, -431.66, 1);"></div><div class="piece" style="width: 58px; height: 58px; opacity: 0; transform: matrix3d(-0.489693, -0.00000539497, 0.484246, 0, 0.642705, -0.405613, 0.64993, 0, 0.196413, 0.629494, 0.198629, 0, 15.1579, -60.0226, -472.665, 1);"></div><div class="piece" style="width: 58px; height: 58px; opacity: 0; transform: matrix3d(0.959707, 0, -0.25105, 0, -0.108387, -0.903645, -0.41434, 0, -0.226858, 0.424851, -0.867226, 0, -207.891, 205.165, -276.833, 1);"></div><div class="piece" style="width: 58px; height: 58px; opacity: 0; transform: matrix3d(0.578345, 0, -0.445063, 0, 0.335036, -0.835599, 0.435367, 0, -0.37189, -0.400901, -0.483261, 0, -239.602, 18.4762, -120.315, 1);"></div><div class="piece" style="width: 58px; height: 58px; opacity: 0; transform: matrix3d(0.249953, 0, -0.968258, 0, -0.452618, 0.884017, -0.116842, 0, 0.855956, 0.467456, 0.220963, 0, 202.908, 135.669, -65.22, 1);"></div><div class="piece" style="width: 58px; height: 58px; opacity: 0; transform: matrix3d(0.527417, -0.00000233536, -0.0968717, 0, 0.168292, 0.363526, 0.916257, 0, 0.0352139, -0.499562, 0.191734, 0, 63.7753, 31.9431, 22.5368, 1);"></div><div class="piece" style="width: 58px; height: 58px; opacity: 0; transform: matrix3d(-0.299758, 0, -0.954015, 0, 0.355656, 0.927901, -0.11175, 0, 0.885241, -0.372803, -0.278148, 0, 149.002, 216.923, 44.6965, 1);"></div><div class="piece" style="width: 58px; height: 58px; opacity: 0; transform: matrix3d(-0.771659, 0.000011703, 0.469336, 0, 0.49592, 0.298752, 0.815359, 0, -0.140206, 0.861932, -0.23054, 0, 234.835, 115.879, -69.7426, 1);"></div><div class="piece" style="width: 58px; height: 58px; opacity: 0; transform: matrix3d(-0.582425, 0, 0.812884, 0, -0.809956, -0.0848005, -0.580328, 0, 0.0689335, -0.996398, 0.0493892, 0, -238.094, 183.124, -112.918, 1);"></div><div class="piece" style="width: 58px; height: 58px; opacity: 0; transform: matrix3d(-0.380489, 0, -0.826989, 0, 0.393575, 0.901282, -0.18108, 0, 0.74535, -0.394381, -0.342928, 0, 234.855, -95.3311, 307.368, 1);"></div><div class="piece" style="width: 58px; height: 58px; opacity: 0; transform: matrix3d(-0.219153, 0.00000242483, 0.201355, 0, -0.655406, -0.248189, -0.713334, 0, 0.0499723, -0.288298, 0.0543928, 0, -231.551, 214.733, -266.982, 1);"></div><div class="piece" style="width: 58px; height: 58px; opacity: 0; transform: matrix3d(0.977579, 0.00000812467, -0.210568, 0, 0.153657, 0.683714, 0.713389, 0, 0.143974, -0.72975, 0.668384, 0, -179.887, 49.684, 405.414, 1);"></div><div class="piece" style="width: 58px; height: 58px; opacity: 0; transform: matrix3d(0.361969, 0.00000239119, -0.93219, 0, -0.919656, -0.163437, -0.357102, 0, -0.152355, 0.986554, -0.0591568, 0, -99.4485, -107.516, -107.448, 1);"></div><div class="piece" style="width: 58px; height: 58px; opacity: 0; transform: matrix3d(-0.562905, -0.0000049812, 0.826522, 0, -0.107238, 0.991548, -0.0730285, 0, -0.819544, -0.129744, -0.558153, 0, 66.708, -117.701, -65.9414, 1);"></div><div class="piece" style="width: 58px; height: 58px; opacity: 0; transform: matrix3d(-0.145669, 0, 0.335468, 0, -0.875794, 0.297259, -0.380293, 0, -0.0997178, -0.349188, -0.0433009, 0, -22.7019, -121.274, 438.638, 1);"></div><div class="piece" style="width: 58px; height: 58px; opacity: 0; transform: matrix3d(-0.888068, -0.0000693762, -0.459712, 0, 0.306625, -0.745153, -0.592223, 0, -0.342515, -0.666894, 0.661768, 0, 16.8611, 68.0627, 265.406, 1);"></div><div class="piece" style="width: 58px; height: 58px; opacity: 0; transform: matrix3d(-0.34578, -0.00000556025, 0.483671, 0, 0.812544, -0.0483376, 0.580892, 0, 0.0233759, 0.593855, 0.0167184, 0, -79.9693, 21.6164, 31.459, 1);"></div><div class="piece" style="width: 58px; height: 58px; opacity: 0; transform: matrix3d(-0.88598, 0, -0.463723, 0, 0.203003, 0.899089, -0.387852, 0, 0.416928, -0.437766, -0.796575, 0, -12.7079, 122.017, -95.3607, 1);"></div><div class="piece" style="width: 58px; height: 58px; opacity: 0; transform: matrix3d(0.115887, 0, -0.848483, 0, 0.173164, -0.984619, 0.0236503, 0, -0.835424, -0.149666, -0.114103, 0, 172.579, 176.105, -339.556, 1);"></div><div class="piece" style="width: 58px; height: 58px; opacity: 0; transform: matrix3d(-0.907182, 0.00000607723, -0.420737, 0, 0.408483, -0.239577, -0.880764, 0, -0.100804, -0.970877, 0.217337, 0, 227.001, -1.30947, -10.5811, 1);"></div><div class="piece" style="width: 58px; height: 58px; opacity: 0; transform: matrix3d(0.84304, -0.0000130204, 0.537851, 0, -0.0247959, 0.998936, 0.0388898, 0, -0.537279, -0.0461222, 0.842142, 0, -35.1215, -168.958, 131.555, 1);"></div><div class="piece" style="width: 58px; height: 58px; opacity: 0; transform: matrix3d(-0.173976, 0, -0.0749412, 0, 0.208285, -0.850182, -0.483537, 0, -0.0637138, -0.0997328, 0.147911, 0, 176.996, 166.475, -315.631, 1);"></div><div class="piece" style="width: 58px; height: 58px; opacity: 0; transform: matrix3d(-0.685637, 0, 0.727944, 0, 0.716071, 0.179869, 0.674455, 0, -0.130935, 0.983691, -0.123325, 0, 36.2156, 110.618, 214.508, 1);"></div><div class="piece" style="width: 58px; height: 58px; opacity: 0; transform: matrix3d(0.999718, -0.00000650318, -0.0237637, 0, 0.011067, -0.88481, 0.465821, 0, -0.0210294, -0.465953, -0.88456, 0, -32.4901, 155.365, 301.07, 1);"></div><div class="piece" style="width: 58px; height: 58px; opacity: 0; transform: matrix3d(0.166979, -0.0000162624, 0.982603, 0, 0.973607, 0.157212, -0.165448, 0, -0.154474, 0.984296, 0.0262669, 0, -196.521, -91.6173, 62.9237, 1);"></div><div class="piece" style="width: 58px; height: 58px; opacity: 0; transform: matrix3d(-0.326031, 0, 0.945359, 0, -0.0767755, 0.996707, -0.026478, 0, -0.942236, -0.0812123, -0.324954, 0, 233.534, -10.3586, -117.704, 1);"></div><div class="piece" style="width: 58px; height: 58px; opacity: 0; transform: matrix3d(-0.28404, 0.00000434006, 0.469858, 0, 0.711979, 0.55485, 0.430403, 0, -0.260696, 0.456776, -0.157601, 0, -178.698, 166.534, -453.94, 1);"></div><div class="piece" style="width: 58px; height: 58px; opacity: 0; transform: matrix3d(0.0675172, -0.00000162544, -0.0473052, 0, -0.113577, 0.98021, -0.162139, 0, 0.0463693, 0.01632, 0.0661808, 0, -103.774, -244.605, -379.689, 1);"></div><div class="piece" style="width: 58px; height: 58px; opacity: 0; transform: matrix3d(0.834085, -0.00000403502, -0.551636, 0, -0.487314, -0.468629, -0.736825, 0, -0.25851, 0.883395, -0.390879, 0, 176.667, -244.798, -172.187, 1);"></div><div class="piece" style="width: 58px; height: 58px; opacity: 0; transform: matrix3d(-0.282953, 0.00000148236, 0.116479, 0, -0.247766, -0.759185, -0.601872, 0, 0.088428, -0.199161, 0.214814, 0, -3.52374, 107.997, -167.522, 1);"></div><div class="piece" style="width: 58px; height: 58px; opacity: 0; transform: matrix3d(0.987372, -0.00000442932, -0.158417